[gd_scene load_steps=14 format=2]

[ext_resource path="res://room/assets/Props_Computer.obj" type="ArrayMesh" id=1]
[ext_resource path="res://room/assets/Props_Statue.obj" type="ArrayMesh" id=2]
[ext_resource path="res://room/assets/Props_Pod.obj" type="ArrayMesh" id=3]
[ext_resource path="res://room/assets/Pipes.obj" type="ArrayMesh" id=4]
[ext_resource path="res://room/Drill.gd" type="Script" id=5]
[ext_resource path="res://room/MeshInstance3.gd" type="Script" id=6]
[ext_resource path="res://room/assets/Props_Teleporter_1.obj" type="ArrayMesh" id=7]

[sub_resource type="CapsuleShape" id=7]
radius = 0.41505
height = 2.12483

[sub_resource type="SpatialMaterial" id=2]
flags_transparent = true
flags_use_shadow_to_opacity = true

[sub_resource type="CylinderShape" id=3]
radius = 0.841962
height = 0.648636

[sub_resource type="BoxShape" id=4]
extents = Vector3( 0.668385, 1, 0.0916687 )

[sub_resource type="CylinderShape" id=5]
radius = 2.0277
height = 2.20873

[sub_resource type="CylinderShape" id=6]
radius = 1.74619
height = 7.20764

[node name="Drill" type="Spatial"]
script = ExtResource( 5 )

[node name="MeshInstance2" type="MeshInstance" parent="."]
transform = Transform( 0.707107, 0, 0.707107, 0, 1, 0, -0.707107, 0, 0.707107, 2.18815, 0, 2.27702 )
mesh = ExtResource( 1 )
material/0 = null
material/1 = null
material/2 = null
material/3 = null
material/4 = null

[node name="StaticBody" type="StaticBody" parent="MeshInstance2"]

[node name="CollisionShape" type="CollisionShape" parent="MeshInstance2/StaticBody"]
transform = Transform( 0.707107, -0.707107, 2.10734e-08, 5.96046e-08, -3.09086e-08, 1, -0.707107, -0.707107, -6.32203e-08, 0, 0.615204, 0 )
shape = SubResource( 7 )

[node name="Spawn" type="MeshInstance" parent="."]
transform = Transform( 0.707107, 0, 0.707107, 0, 1, 0, -0.707107, 0, 0.707107, 3.93085, 0, 0 )
mesh = ExtResource( 3 )
material/0 = null
material/1 = null
material/2 = SubResource( 2 )
material/3 = null
material/4 = null

[node name="StaticBody" type="StaticBody" parent="Spawn"]

[node name="CollisionShape" type="CollisionShape" parent="Spawn/StaticBody"]
transform = Transform( 1, 0, 0, 0, 1, 0, 0, 0, 1, -0.025924, 3.18145, 0.0181191 )
shape = SubResource( 3 )

[node name="CollisionShape2" type="CollisionShape" parent="Spawn/StaticBody"]
transform = Transform( 1, 0, 0, 0, 1, 0, 0, 0, 1, -0.039294, 1.38227, -0.76045 )
shape = SubResource( 4 )

[node name="CollisionShape3" type="CollisionShape" parent="Spawn/StaticBody"]
transform = Transform( 1, 0, 0, 0, 1, 0, 0, 0, 1, -0.0518482, 0.280944, 0.036238 )
shape = SubResource( 3 )

[node name="MeshInstance3" type="MeshInstance" parent="."]
transform = Transform( 3, 0, 0, 0, 3, 0, 0, 0, 3, 0, 0, 0.00861406 )
mesh = ExtResource( 2 )
material/0 = null
material/1 = null
material/2 = null
script = ExtResource( 6 )

[node name="MeshInstance4" type="MeshInstance" parent="."]
transform = Transform( 1, 0, 0, 0, 1, 0, 0, 0, 1, 1.81332, -0.773019, -0.268825 )
mesh = ExtResource( 4 )
material/0 = null

[node name="MaterialSpawn" type="Position3D" parent="."]
transform = Transform( 0.707107, 0, 0.707107, 0, 1, 0, -0.707107, 0, 0.707107, 3.9, 0.62931, 0 )

[node name="MeshInstance" type="MeshInstance" parent="."]
transform = Transform( 2.88228, -7.27484e-08, -0.832145, 0, -3, 2.62268e-07, -0.832145, -2.51977e-07, -2.88228, 0, 3.58784, 0 )
mesh = ExtResource( 7 )
material/0 = null
material/1 = null
material/2 = null

[node name="EnemiesTarget" type="Area" parent="."]
collision_layer = 16
collision_mask = 0

[node name="CollisionShape" type="CollisionShape" parent="EnemiesTarget"]
transform = Transform( 1, 0, 0, 0, 1, 0, 0, 0, 1, 0, 1.1, 0 )
shape = SubResource( 5 )

[node name="StaticBody" type="StaticBody" parent="."]
collision_layer = 16

[node name="CollisionShape" type="CollisionShape" parent="StaticBody"]
transform = Transform( 1, 0, 0, 0, 1, 0, 0, 0, 1, 0, 3.60343, 0 )
shape = SubResource( 6 )
