[gd_scene load_steps=6 format=2]

[ext_resource path="res://room/Room.tscn" type="PackedScene" id=1]
[ext_resource path="res://room/Drill.tscn" type="PackedScene" id=2]
[ext_resource path="res://room/Door.tscn" type="PackedScene" id=3]
[ext_resource path="res://room/BasicMaterial.tscn" type="PackedScene" id=4]
[ext_resource path="res://room/BasicTurret.tscn" type="PackedScene" id=5]

[node name="RoomAssembly" type="Spatial"]

[node name="Drill" parent="." instance=ExtResource( 2 )]
transform = Transform( 1, 0, 0, 0, 1, 0, 0, 0, 1, 2.59209, -0.031827, 14.5554 )

[node name="BasicTurret" parent="." instance=ExtResource( 5 )]
transform = Transform( 1, 0, 0, 0, 1, 0, 0, 0, 1, 0, 0.330333, 4.16629 )

[node name="DirectionalLight" type="DirectionalLight" parent="."]
transform = Transform( 0.707107, -0.683013, 0.183013, 0.339353, 0.554855, 0.759589, -0.620355, -0.475005, 0.624124, -0.157883, 14.6509, 0.891528 )
light_energy = 8.0
shadow_enabled = true
directional_shadow_blend_splits = true
directional_shadow_normal_bias = 2.0
directional_shadow_max_distance = 823.9

[node name="Loot" type="Spatial" parent="."]
transform = Transform( 0.867114, 0, 0.498109, 0, 1, 0, -0.498109, 0, 0.867114, 31.2589, 0.406866, -9.81665 )

[node name="BasicMaterial2" parent="Loot" instance=ExtResource( 4 )]
transform = Transform( -0.551527, 0, 0.834155, 0, 1, 0, -0.834155, 0, -0.551527, 4.20218, 0, 3.67537 )

[node name="BasicMaterial3" parent="Loot" instance=ExtResource( 4 )]
transform = Transform( -0.492422, 0, 0.870355, 0, 1, 0, -0.870355, 0, -0.492422, 2.7663, 0, 3.41166 )

[node name="BasicMaterial4" parent="Loot" instance=ExtResource( 4 )]
transform = Transform( 0.00654575, 0, 0.999978, 0, 1, 0, -0.999978, 0, 0.00654575, 0.105894, 0, 4.25592 )

[node name="BasicMaterial5" parent="Loot" instance=ExtResource( 4 )]
transform = Transform( 0.503774, 0, 0.863835, 0, 1, 0, -0.863835, 0, 0.503774, 1.863, 0, 4.344 )

[node name="BasicMaterial6" parent="Loot" instance=ExtResource( 4 )]
transform = Transform( 0.867114, 0, 0.498109, 0, 1, 0, -0.498109, 0, 0.867114, 0.965874, 0, 2.73505 )

[node name="BasicMaterial7" parent="Loot" instance=ExtResource( 4 )]
transform = Transform( 0.422711, 0, -0.906263, 0, 1, 0, 0.906263, 0, 0.422711, -1.21158, 0, 6.18549 )

[node name="BasicMaterial8" parent="Loot" instance=ExtResource( 4 )]
transform = Transform( 0.35892, 0, -0.933367, 0, 1, 0, 0.933367, 0, 0.35892, 0.16983, 0, 6.65772 )

[node name="BasicMaterial9" parent="Loot" instance=ExtResource( 4 )]
transform = Transform( -0.153694, 0, -0.988117, 0, 1, 0, 0.988117, 0, -0.153694, 2.92554, 0, 6.21433 )

[node name="BasicMaterial10" parent="Loot" instance=ExtResource( 4 )]
transform = Transform( -0.62546, 0, -0.780255, 0, 1, 0, 0.780255, 0, -0.62546, 1.20055, 0, 5.86852 )

[node name="BasicMaterial11" parent="Loot" instance=ExtResource( 4 )]
transform = Transform( -0.930998, 0, -0.365023, 0, 1, 0, 0.365023, 0, -0.930998, 1.85102, 0, 7.59201 )

[node name="Loot2" type="Spatial" parent="."]
transform = Transform( 0.503774, 0, 0.863835, 0, 1, 0, -0.863835, 0, 0.503774, 63.1715, 1.42673, 29.7985 )

[node name="BasicMaterial2" parent="Loot2" instance=ExtResource( 4 )]
transform = Transform( -0.551527, 0, 0.834155, 0, 1, 0, -0.834155, 0, -0.551527, 4.20218, 0, 3.67537 )

[node name="BasicMaterial3" parent="Loot2" instance=ExtResource( 4 )]
transform = Transform( -0.492422, 0, 0.870355, 0, 1, 0, -0.870355, 0, -0.492422, 2.7663, 0, 3.41166 )

[node name="BasicMaterial4" parent="Loot2" instance=ExtResource( 4 )]
transform = Transform( 0.00654575, 0, 0.999978, 0, 1, 0, -0.999978, 0, 0.00654575, 0.105894, 0, 4.25592 )

[node name="BasicMaterial5" parent="Loot2" instance=ExtResource( 4 )]
transform = Transform( 0.503774, 0, 0.863835, 0, 1, 0, -0.863835, 0, 0.503774, 1.863, 0, 4.344 )

[node name="BasicMaterial6" parent="Loot2" instance=ExtResource( 4 )]
transform = Transform( 0.867114, 0, 0.498109, 0, 1, 0, -0.498109, 0, 0.867114, 0.965874, 0, 2.73505 )

[node name="BasicMaterial7" parent="Loot2" instance=ExtResource( 4 )]
transform = Transform( 0.422711, 0, -0.906263, 0, 1, 0, 0.906263, 0, 0.422711, -1.21158, 0, 6.18549 )

[node name="BasicMaterial8" parent="Loot2" instance=ExtResource( 4 )]
transform = Transform( 0.35892, 0, -0.933367, 0, 1, 0, 0.933367, 0, 0.35892, 0.16983, 0, 6.65772 )

[node name="BasicMaterial9" parent="Loot2" instance=ExtResource( 4 )]
transform = Transform( -0.153694, 0, -0.988117, 0, 1, 0, 0.988117, 0, -0.153694, 2.92554, 0, 6.21433 )

[node name="BasicMaterial10" parent="Loot2" instance=ExtResource( 4 )]
transform = Transform( -0.62546, 0, -0.780255, 0, 1, 0, 0.780255, 0, -0.62546, 1.20055, 0, 5.86852 )

[node name="BasicMaterial11" parent="Loot2" instance=ExtResource( 4 )]
transform = Transform( -0.930998, 0, -0.365023, 0, 1, 0, 0.365023, 0, -0.930998, 1.85102, 0, 7.59201 )

[node name="Loot3" type="Spatial" parent="."]
transform = Transform( 0.199728, 0, 0.97985, 0, 1, 0, -0.97985, 0, 0.199728, -26.4082, 1.25054, 76.4858 )

[node name="BasicMaterial2" parent="Loot3" instance=ExtResource( 4 )]
transform = Transform( -0.551527, 0, 0.834155, 0, 1, 0, -0.834155, 0, -0.551527, 4.20218, 0, 3.67537 )

[node name="BasicMaterial3" parent="Loot3" instance=ExtResource( 4 )]
transform = Transform( -0.492422, 0, 0.870355, 0, 1, 0, -0.870355, 0, -0.492422, 2.7663, 0, 3.41166 )

[node name="BasicMaterial4" parent="Loot3" instance=ExtResource( 4 )]
transform = Transform( 0.00654575, 0, 0.999978, 0, 1, 0, -0.999978, 0, 0.00654575, 0.105894, 0, 4.25592 )

[node name="BasicMaterial5" parent="Loot3" instance=ExtResource( 4 )]
transform = Transform( 0.503774, 0, 0.863835, 0, 1, 0, -0.863835, 0, 0.503774, 1.863, 0, 4.344 )

[node name="BasicMaterial6" parent="Loot3" instance=ExtResource( 4 )]
transform = Transform( 0.867114, 0, 0.498109, 0, 1, 0, -0.498109, 0, 0.867114, 0.965874, 0, 2.73505 )

[node name="BasicMaterial7" parent="Loot3" instance=ExtResource( 4 )]
transform = Transform( 0.422711, 0, -0.906263, 0, 1, 0, 0.906263, 0, 0.422711, -1.21158, 0, 6.18549 )

[node name="BasicMaterial8" parent="Loot3" instance=ExtResource( 4 )]
transform = Transform( 0.35892, 0, -0.933367, 0, 1, 0, 0.933367, 0, 0.35892, 0.16983, 0, 6.65772 )

[node name="BasicMaterial9" parent="Loot3" instance=ExtResource( 4 )]
transform = Transform( -0.153694, 0, -0.988117, 0, 1, 0, 0.988117, 0, -0.153694, 2.92554, 0, 6.21433 )

[node name="BasicMaterial10" parent="Loot3" instance=ExtResource( 4 )]
transform = Transform( -0.62546, 0, -0.780255, 0, 1, 0, 0.780255, 0, -0.62546, 1.20055, 0, 5.86852 )

[node name="BasicMaterial11" parent="Loot3" instance=ExtResource( 4 )]
transform = Transform( -0.930998, 0, -0.365023, 0, 1, 0, 0.365023, 0, -0.930998, 1.85102, 0, 7.59201 )

[node name="Loot4" type="Spatial" parent="."]
transform = Transform( 0.834729, 0, -0.550656, 0, 1, 0, 0.550656, 0, 0.834729, -56.8028, 0.26284, 44.5048 )

[node name="BasicMaterial2" parent="Loot4" instance=ExtResource( 4 )]
transform = Transform( -0.551527, 0, 0.834155, 0, 1, 0, -0.834155, 0, -0.551527, 4.20218, 0, 3.67537 )

[node name="BasicMaterial3" parent="Loot4" instance=ExtResource( 4 )]
transform = Transform( -0.492422, 0, 0.870355, 0, 1, 0, -0.870355, 0, -0.492422, 2.7663, 0, 3.41166 )

[node name="BasicMaterial4" parent="Loot4" instance=ExtResource( 4 )]
transform = Transform( 0.00654575, 0, 0.999978, 0, 1, 0, -0.999978, 0, 0.00654575, 0.105894, 0, 4.25592 )

[node name="BasicMaterial5" parent="Loot4" instance=ExtResource( 4 )]
transform = Transform( 0.503774, 0, 0.863835, 0, 1, 0, -0.863835, 0, 0.503774, 1.863, 0, 4.344 )

[node name="BasicMaterial6" parent="Loot4" instance=ExtResource( 4 )]
transform = Transform( 0.867114, 0, 0.498109, 0, 1, 0, -0.498109, 0, 0.867114, 0.965874, 0, 2.73505 )

[node name="BasicMaterial7" parent="Loot4" instance=ExtResource( 4 )]
transform = Transform( 0.422711, 0, -0.906263, 0, 1, 0, 0.906263, 0, 0.422711, -1.21158, 0, 6.18549 )

[node name="BasicMaterial8" parent="Loot4" instance=ExtResource( 4 )]
transform = Transform( 0.35892, 0, -0.933367, 0, 1, 0, 0.933367, 0, 0.35892, 0.16983, 0, 6.65772 )

[node name="BasicMaterial9" parent="Loot4" instance=ExtResource( 4 )]
transform = Transform( -0.153694, 0, -0.988117, 0, 1, 0, 0.988117, 0, -0.153694, 2.92554, 0, 6.21433 )

[node name="BasicMaterial10" parent="Loot4" instance=ExtResource( 4 )]
transform = Transform( -0.62546, 0, -0.780255, 0, 1, 0, 0.780255, 0, -0.62546, 1.20055, 0, 5.86852 )

[node name="BasicMaterial11" parent="Loot4" instance=ExtResource( 4 )]
transform = Transform( -0.930998, 0, -0.365023, 0, 1, 0, 0.365023, 0, -0.930998, 1.85102, 0, 7.59201 )

[node name="Loot5" type="Spatial" parent="."]

[node name="BasicMaterial3" parent="Loot5" instance=ExtResource( 4 )]
transform = Transform( 0.778572, 0, -0.627556, 0, 1, 0, 0.627556, 0, 0.778572, 15.4017, 0.406866, -66.5432 )

[node name="BasicMaterial" parent="Loot5" instance=ExtResource( 4 )]
transform = Transform( 0.972378, 0, -0.233411, 0, 1, 0, 0.233411, 0, 0.972378, -19.6037, 0.203433, 2.81769 )

[node name="BasicMaterial2" parent="Loot5" instance=ExtResource( 4 )]
transform = Transform( 0.867114, 0, 0.498109, 0, 1, 0, -0.498109, 0, 0.867114, -28.8785, 0.406866, 35.6329 )

[node name="BasicMaterial4" parent="Loot5" instance=ExtResource( 4 )]
transform = Transform( 0.996602, 0, 0.0823734, 0, 1, 0, -0.0823734, 0, 0.996602, 23.3985, 0.243749, 75.8351 )

[node name="BasicMaterial5" parent="Loot5" instance=ExtResource( 4 )]
transform = Transform( 0.990581, 0, 0.136926, 0, 1, 0, -0.136926, 0, 0.990581, -69.4476, 1.37369, 5.00888 )

[node name="BasicMaterial6" parent="Loot5" instance=ExtResource( 4 )]
transform = Transform( 0.707106, 0, 0.707106, 0, 1, 0, -0.707106, 0, 0.707106, 6.52967, 0.578038, 14.5656 )

[node name="BasicMaterial7" parent="Loot5" instance=ExtResource( 4 )]
transform = Transform( 0.814703, 0, 0.579879, 0, 1, 0, -0.579879, 0, 0.814703, 20.1782, 0.406866, -36.7264 )

[node name="BasicMaterial8" parent="Loot5" instance=ExtResource( 4 )]
transform = Transform( 0.814703, 0, 0.579879, 0, 1, 0, -0.579879, 0, 0.814703, -28.222, 1.32111, -36.7264 )

[node name="BasicMaterial9" parent="Loot5" instance=ExtResource( 4 )]
transform = Transform( 0.814703, 0, 0.579879, 0, 1, 0, -0.579879, 0, 0.814703, 68.5843, 0.406866, -15.8247 )

[node name="BasicMaterial10" parent="Loot5" instance=ExtResource( 4 )]
transform = Transform( 0.814703, 0, 0.579879, 0, 1, 0, -0.579879, 0, 0.814703, 45.59, 0.406866, 39.6316 )

[node name="Doors" type="Spatial" parent="."]

[node name="Door19" parent="Doors" instance=ExtResource( 3 )]
transform = Transform( 1, 0, 1.74846e-07, 0, 1, 0, -1.74846e-07, 0, 1, 11.2656, 0.337584, -73.1223 )

[node name="Door14" parent="Doors" instance=ExtResource( 3 )]
transform = Transform( 1, 0, 1.04907e-06, 0, 1, 0, -1.04907e-06, 0, 1, -30.7437, 0.317885, 46.3395 )

[node name="Door" parent="Doors" instance=ExtResource( 3 )]
transform = Transform( -4.37114e-08, 0, 1, 0, 1, 0, -1, 0, -4.37114e-08, 26.3025, 0.332054, -42.6993 )

[node name="Door2" parent="Doors" instance=ExtResource( 3 )]
transform = Transform( -4.37114e-08, 0, -1, 0, 1, 0, 1, 0, -4.37114e-08, 87.6031, 0.296836, 7.34006 )

[node name="Door3" parent="Doors" instance=ExtResource( 3 )]
transform = Transform( -1, 0, 8.74228e-08, 0, 1, 0, -8.74228e-08, 0, -1, 49.2326, 0.336498, 41.6788 )

[node name="Door4" parent="Doors" instance=ExtResource( 3 )]
transform = Transform( 1, 0, -1.74846e-07, 0, 1, 0, 1.74846e-07, 0, 1, 37.2987, 0.262944, -11.0696 )

[node name="Door5" parent="Doors" instance=ExtResource( 3 )]
transform = Transform( -4.37114e-08, 0, 1, 0, 1, 0, -1, 0, -4.37114e-08, 31.0589, 0.28734, -4.72709 )

[node name="Door6" parent="Doors" instance=ExtResource( 3 )]
transform = Transform( -1, 0, -8.74228e-08, 0, 1, 0, 8.74228e-08, 0, -1, 61.302, 0.266673, -19.8803 )

[node name="Door7" parent="Doors" instance=ExtResource( 3 )]
transform = Transform( -4.37114e-08, 0, 1, 0, 1, 0, -1, 0, -4.37114e-08, 22.3984, 0.298188, 45.2871 )

[node name="Door8" parent="Doors" instance=ExtResource( 3 )]
transform = Transform( -4.37114e-08, 0, 1, 0, 1, 0, -1, 0, -4.37114e-08, 30.3998, 0.262215, 69.2521 )

[node name="Door9" parent="Doors" instance=ExtResource( 3 )]
transform = Transform( -1, 0, -8.74228e-08, 0, 1, 0, 8.74228e-08, 0, -1, 3.2628, 0.252781, 95.571 )

[node name="Door10" parent="Doors" instance=ExtResource( 3 )]
transform = Transform( -4.37114e-08, 0, 1, 0, 1, 0, -1, 0, -4.37114e-08, -31.031, 0.283771, 57.2636 )

[node name="Door11" parent="Doors" instance=ExtResource( 3 )]
transform = Transform( -4.37114e-08, 0, 1, 0, 1, 0, -1, 0, -4.37114e-08, -23.602, 0.269998, 39.2559 )

[node name="Door12" parent="Doors" instance=ExtResource( 3 )]
transform = Transform( -4.37114e-08, 0, 1, 0, 1, 0, -1, 0, -4.37114e-08, -19.0134, 0.342935, 35.2755 )

[node name="Door13" parent="Doors" instance=ExtResource( 3 )]
transform = Transform( 1, 0, 0, 0, 1, 0, 0, 0, 1, -54.7722, 0.339896, 54.4386 )

[node name="Door15" parent="Doors" instance=ExtResource( 3 )]
transform = Transform( -4.37114e-08, 0, 1, 0, 1, 0, -1, 0, -4.37114e-08, -81.0387, 0.214786, 27.2333 )

[node name="Door16" parent="Doors" instance=ExtResource( 3 )]
transform = Transform( 1, 0, 2.09815e-06, 0, 1, 0, -2.09815e-06, 0, 1, -42.7911, 0.0197715, -7.02446 )

[node name="Door17" parent="Doors" instance=ExtResource( 3 )]
transform = Transform( -4.37114e-08, 0, 1, 0, 1, 0, -1, 0, -4.37114e-08, -35.0716, 0.267389, -54.7059 )

[node name="Door18" parent="Doors" instance=ExtResource( 3 )]
transform = Transform( -1, 0, -8.74228e-08, 0, 1, 0, 8.74228e-08, 0, -1, -16.7261, 0.291019, -69.8515 )

[node name="Door20" parent="Doors" instance=ExtResource( 3 )]
transform = Transform( -4.37114e-08, 0, 1, 0, 1, 0, -1, 0, -4.37114e-08, 18.3547, 0.232539, -66.7162 )

[node name="Rooms" type="Spatial" parent="."]

[node name="Room5" parent="Rooms" instance=ExtResource( 1 )]
transform = Transform( -0.00134371, 0, -0.999999, 0, 1, 0, 0.999999, 0, -0.00134371, 72.5082, 0, 8.05511 )

[node name="Room" parent="Rooms" instance=ExtResource( 1 )]

[node name="Room2" parent="Rooms" instance=ExtResource( 1 )]
transform = Transform( -4.37114e-08, 0, 1, 0, 1, 0, -1, 0, -4.37114e-08, -66, 0, 26.5001 )

[node name="Room3" parent="Rooms" instance=ExtResource( 1 )]
transform = Transform( -1, 0, -8.74228e-08, 0, 1, 0, 8.74228e-08, 0, -1, 2.5, 0, 80.5 )

[node name="Room4" parent="Rooms" instance=ExtResource( 1 )]
transform = Transform( -1, 0, -8.74228e-08, 0, 1, 0, 8.74228e-08, 0, -1, -1.49564, 0, -31.4735 )
